1019
993
1022
1020
1017
1008
1005
994
991
987
1072
958
1063
959
1010
1023
972
1057
1043
998
999
1088
1022
952
981
1076
989
958
1031
981
1012
1019
912
988
1051
1040
1049
996
990
984
1032
1045
968
1012
959
963
1056
1014
1007
1001
996
1001
1039
1066
1013
951
1036
2043
2919
3280
3512
3461
3559
3451
3553
3641
3583
3504
3615
3472
3376
3615
3442
3476
3433
3534
3480
3479
3539
3410
3402
3451
3452
3404
3436
3380
3489
3576
3319
3318
3111
2314
1440
1087
1028
974
941
961
986
995
1027
975
1036
1031
1042
975
1068
980
1030
1084
980
1024
992
980
1012
990
1009
984
1090
963
1022
992
992
952
936
1073
980
1024
994
1047
1001
942
1019
1006
1082
945
970
984
1000
1001