1023
972
996
975
1020
1073
1034
1023
1024
1072
1046
1031
1040
1027
1054
1011
1033
990
993
1060
1034
1025
1040
1124
1011
1051
1061
1060
1097
1087
1140
1134
1042
1069
1076
1044
1065
1180
1023
1051
1143
1044
1118
1135
1139
1066
1091
1135
1318
1339
1374
1212
1238
1286
1343
1362
1371
1323
1171
1581
1199
1271
1360
1324
1369
1340
1437
1476
1496
1424
1503
1434
1521
1394
1404
1507
1415
1459
1572
1442
1425
1555
1491
1583
1503
1441
1385
1505
1487
1412
1574
1532
1353
1408
1478
1424
1409
1156
1353
1366
1420
1300
1264
1305
1158
1168
1130
1238
1123
1079
1162
1165
1141
1032
1218
1184
1139
1079
1043
1075
1036
1063
983
1054
978
1027
1091
1031
1023
945
966
1030
1036
1016
1023
938
951
1000
990
984