992
1027
1043
976
990
983
1020
970
1047
1022
1006
980
1012
1022
1035
1035
1046
1073
1011
1016
990
1006
997
908
949
994
967
1042
1027
1012
1027
992
1009
1072
997
1023
935
1027
1012
990
987
995
974
1002
1044
1036
1047
996
995
1005
1000
938
1048
1071
1026
1173
1526
2234
2639
3143
3443
3463
3536
3447
3460
3584
3489
3555
3475
3495
3500
3451
3423
3623
3518
3416
3424
3519
3444
3510
3400
3572
3482
3431
3435
3284
3022
2673
2804
2352
2033
1967
1375
1345
1076
963
994
938
1027
1018
1056
1041
978
1011
965
1013
972
969
1016
1032
966
1002
964
1015
960
993
991
982
1022
995
1030
930
934
1055
995
1027
1058
1046
1013
1000
1018
1003
1046
963
984
1012
1018
995
1044
1006