1075
1093
1039
1076
1020
984
1019
955
1030
983
1021
1032
1110
1025
1049
1020
976
979
1014
1027
1057
1115
937
1022
1054
1010
1005
1024
1142
1011
1007
1071
1072
1081
979
1082
1069
990
1027
1042
1034
998
1025
1012
1024
995
1016
984
1102
999
1148
1212
1206
1130
1190
1361
1811
1875
1907
2254
2433
2752
3159
2921
3464
3421
3396
3422
3555
3623
3514
3478
3334
3440
3395
3518
3519
3465
3401
3534
3559
3382
3462
3461
3202
2861
2638
2516
2450
2173
1972
2014
1480
1543
1294
1291
1183
992
1049
1040
999
1086
1065
1026
1037
1004
1033
948
984
1003
1077
971
1115
1052
988
1052
999
1008
988
1021
1017
1029
982
1012
1020
1019
1049
1101
1019
964
980
1006
1040
1006
1029
1002
1094
1002
896
1002