945
1005
1042
1053
1036
1027
1034
1039
1049
1015
981
1043
1020
1038
990
1035
1009
984
991
1020
1049
1028
1009
1005
1041
1023
981
1017
1059
961
982
953
1006
1011
1054
1032
1049
1021
1016
1088
1124
1009
1062
1121
1072
1081
934
1152
1247
1170
1264
1245
1350
1388
1538
1699
1725
1766
1967
2190
2019
2370
2652
2826
2928
2876
3116
3147
3213
3303
3327
3498
3541
3505
3444
3447
3640
3580
3462
3446
3382
3431
3199
3107
3115
2698
2491
2432
2526
2066
2016
1679
1575
1618
1546
1452
1406
1251
1148
1227
1068
1118
1078
1066
1027
1150
1066
1016
999
1055
971
1037
1087
1027
971
1020
1013
1057
1028
1057
961
1011
1008
1003
1020
1026
1068
1006
979
1046
1008
993
1000
1041
1009
1016
1015
1001
1031
1057