1006
1008
1047
1052
1077
1045
969
934
986
919
989
1016
1055
1004
1075
1010
952
1029
979
967
1044
1002
983
969
1013
1048
1039
954
1018
1070
1039
1008
1043
1007
1019
1065
1003
990
1110
1048
1164
1131
1124
1150
1011
1124
1164
1220
1347
1271
1189
1274
1532
1486
1544
1781
1680
1722
1884
2081
2003
2131
2275
2259
2704
2806
2876
2816
2917
3190
3109
3042
3524
3143
3263
3308
3273
3242
3202
3425
3016
3040
2926
2620
2888
2457
2341
2223
2473
2151
1716
1798
1906
1583
1728
1597
1687
1286
1490
1382
1275
1302
1258
1108
1146
1115
1049
987
1107
1092
1032
1133
1142
1012
1031
990
995
951
1043
1056
1097
987
996
1001
1020
981
984
1042
927
1055
1012
963
1006
1073
1030
1008
1072
1000
1015
1040