956
1066
1006
1068
1037
997
1035
1033
1055
1034
984
988
1055
979
999
1064
1059
992
1024
979
1003
949
984
1004
1020
1070
1010
1030
1009
1015
1049
1057
979
973
1115
1039
1039
1083
1056
1076
1028
1033
1068
1187
1180
1144
1121
1227
1144
1164
1268
1427
1396
1635
1672
1531
1745
1564
1756
1668
1640
1854
1850
1759
2174
2374
2233
2334
2761
2442
2784
2781
2887
2688
2851
3020
3244
3144
2736
2820
2766
2862
3013
2744
2680
2498
2579
2315
2422
2339
2222
1784
2109
1877
1820
1662
1848
1527
1487
1373
1284
1243
1353
1225
1118
1168
1193
1166
1151
1104
1063
1043
1027
1048
1066
1055
1030
1062
997
995
1046
989
975
934
1009
960
1042
916
1005
1048
1007
988
1032
1045
998
1012
997
1021
1091
1008