932
1031
1026
947
990
949
1046
1031
972
1006
993
994
953
1038
988
973
1023
1021
959
1005
910
1070
964
980
1027
979
1017
1004
1012
1064
1038
1036
1027
1052
1117
1123
1088
1054
1099
1057
975
1124
1209
1136
1153
1223
1153
1176
1212
1144
1140
1326
1448
1480
1254
1441
1720
1379
1493
1590
1586
1513
1685
2072
1963
1980
2135
2154
2160
2278
2302
2422
2420
2382
2706
2532
2486
2420
2480
2609
2755
2403
2532
2652
2553
2280
2513
2037
2116
2190
1991
2032
1779
1896
1761
1781
1727
1512
1520
1284
1304
1487
1291
1296
1308
1240
1146
1223
1159
1065
1184
1053
1140
1042
1049
1056
1104
1099
955
969
1014
1063
1019
952
975
971
1102
992
1035
984
992
992
982
1025
955
920
931
982
991
1072