1020
1025
984
1052
1016
1018
1055
1025
1010
1049
946
1059
1048
1045
958
1065
1104
1001
999
1035
1035
1016
996
1001
1053
1033
1014
1014
1051
961
1025
1092
1049
1076
1213
1045
1112
1189
1097
1159
1094
1125
1259
1154
1120
1325
1162
1308
1350
1273
1330
1354
1430
1523
1347
1653
1555
1383
1713
1622
1726
1453
1654
1532
1735
1914
1841
1928
2221
2154
2360
2038
2380
2187
2485
2488
2028
2492
2113
2316
2278
2270
2214
2337
2401
2110
1983
2012
1871
1977
1863
1801
1899
1645
1520
1803
1353
1357
1369
1498
1331
1438
1264
1274
1287
1159
1217
1187
1162
1204
1149
1048
1040
956
1072
1112
1123
1068
1013
1009
1107
1021
983
1016
992
1013
1030
1042
1054
1100
1028
985
1036
1083
1003
1022
996
964
990
922