968
995
945
1006
1002
1013
1006
964
996
1043
990
985
1011
1065
1035
931
998
967
1033
951
1066
1038
1017
1075
964
1032
1016
1055
1023
1075
1007
986
1048
1087
1132
1167
1099
1144
1130
1134
1106
1244
1216
1257
1302
1190
1201
1283
1132
1291
1174
1423
1329
1550
1488
1452
1535
1545
1539
1579
1438
1684
1609
1721
1544
1649
1720
1870
1840
1940
1895
1619
2007
1999
2137
1875
2147
2025
2127
2030
2144
2046
1736
2137
2044
1733
1893
1973
1782
1561
1839
1539
1775
1619
1458
1454
1506
1489
1324
1361
1435
1383
1591
1328
1297
1309
1264
1217
1217
1140
1118
1196
1003
1065
1149
1083
1020
1082
1106
1035
1039
1097
1092
1059
1101
1070
1008
1015
982
992
966
945
1110
1045
986
1004
1011
1000
986
1043