1011
1036
1014
972
984
1006
1079
982
983
997
984
1020
985
983
1017
1003
930
1011
973
1030
1045
1019
1136
959
1117
1031
1055
1018
1102
1072
1123
1052
1099
1100
1137
1114
1140
1182
1101
1247
1177
1127
1082
1193
1240
1320
1191
1239
1306
1201
1386
1276
1332
1505
1369
1442
1330
1325
1351
1491
1430
1655
1340
1536
1534
1564
1558
1478
1626
1540
1650
1700
1801
1723
1731
1608
1560
1632
1691
1825
1536
1752
1692
1585
1527
1639
1743
1540
1623
1811
1643
1539
1590
1551
1380
1354
1260
1383
1228
1340
1485
1320
1350
1143
1262
1152
1173
1292
1279
1155
1105
1064
1087
1116
1123
1084
1049
1060
1000
1015
960
1060
1056
1027
1084
1110
1123
1023
1076
1051
1027
963
1055
1009
1022
980
999
1059
1018
1068