1451
1377
1296
1271
1366
1290
1255
1279
1281
1341
1344
1259
1290
1292
1311
1268
1338
1284
1315
1227
1286
1310
1308
1209
1318
1321
1233
1376
1247
1284
1285
1209
1301
1278
1255
1294
1316
1261
1302
1331
1280
1288
1267
1384
1319
1377
1257
1238
1305
1270
1327
1255
1367
1248
1231
1268
1300
1288
1302
1285
1227
1311
1287
1272
1211
1308
1310
1267
1334
1269
1285
1342
1286
1343
1260
1304
1365
1259
1322
1260
1281
1300
1261
1316
1294
1301
1310
1317
1292
1255
1275
1315
1260
1357
1260
1307
1274
1272
1272
1332
1246
1321
1363
1231
1291
1343
1270
1294
1264
1264
1254
1241
1284
1283
1351
1274
1311
1256
1289
1287
1280
1359
1259
1283
1303
1275
1291
1281
1285
1228
1258
1276
1266
1279
1326
1315
1252
1313
1346
1176
1333
1258
1288
1257
1315
1299
1356
1331
1295
1281
1286
1319
1307
1247
1276
1375
1307
1387
1261
1264
1305
1331
1319
1304
1340
1278
1340
1344
1310
1335
1258
1307
1310
1289
1311
1280
1268
1294
1348
1333
1236
1275
1248
1324
1292
1299
1226
1309
1260
1347
1272
1279
1325
1281
1373
1221
1353
1267
1314
1232
1251
1308
1300
1230
1249
1262
1228
1263
1293
1261
1336
1324
1281
1242
1215
1292
1316
1353
1281
1270
1349
1313
1286
1319
1278
1260
1287
1308
1276
1323
1245
1328
1306
1278
1351
1278
1300
1294
1225
1294
1308
1302
1255
1292
1281
1285
1309
1264
1265
1302
1196
1395
1270
1386
1297
1220
1270
1319
1273
1304
1293
1219
1275
1291
1294
1342
1285
1386
1297
1345
1311
1261
1300
1320
1270
1341
1242
1311
1223
1225
1315
1305
1272
1298
1270
1249
1218
1306
1328
1238
1282
1232
1327
1299
1248
1319
1331
1332
1290
1336
1287
1293
1282
1382
1355
1272
1295
1252
1228
1294
1334
1336
1299
1327
1253
1353
1270
1268
1303
1239
1291
1302
1251
1328
1320
1291
1297
1264
1335
1327
1211
1233
1287
1299
1307
1283
1341
1297
1305
1275
1295
1294
1196
1380
1251
1304
1298
1355
1292
1208
1272
1363
1353
1254
1262
1310
1298
1277
1299
1356
1350
1343
1287
1356
1202
1290
1319
1355
1272
1326
1256
1318
1316
1342
1270
1371
1344
1228
1348
1301
1310
1295
1356
1376
1281
1368
1331
1315
1302
1311
1285
1324
1249
1321
1298
1262
1343
1299
1341
1296
1266
1336
1275
1314
1287
1315
1245
1279
1273
1313
1368
1302
1252
1283
1329
1222
1311
1258
1285
1355
1227
1260
1271
1286
1320
1286
1279
1272
1255
1285
1323
1309
1310
1308
1299
1269
1345
1295
1189
1343
1258
1267
1297
1353
1336
1336
1305
1312
1290
1360
1256
1276
1329
1336
1324
1260
1368
1358
1385
1343
1269
1376
1294
1231
1288
1293
1307
1326
1297
1382
1244
1361
1312
1343
1394
1328
1288
1307
1323
1292
1278
1335
1274
1274
1291
1310
1308
1289
1330
1343
1299
1358
1326
1350
1268
1259
1345
1282
1318
1314