990
993
949
924
984
953
943
967
929
1031
969
976
970
1039
951
911
959
918
999
908
971
1006
892
1046
1000
1012
962
980
990
954
956
964
934
926
1020
1053
993
999
897
1004
968
956
935
957
956
967
892
987
959
887
955
1003
940
929
1024
1008
1010
986
984
931
1014
975
969
941
993
934
1016
975
1025
976
900
949
919
942
979
1004
1016
989
1035
1002
928
952
1036
976
983
998
979
976
979
971
919
923
1003
956
999
982
970
996
1002
987
983
995
911
937
883
931
920
965
1022
955
979
969
1011
853
985
925
1010
933
973
922
961
950
972
979
951
972
1019
1006
960
945
959
960
960
952
939
998
946
952
976
987
1004
991
961
997
913
960
913
1033
961
950
952
989
1006
961
991
950
970
975
1027
915
940
1020
935
917
929
910
935
997
972
954
938
961
979
960
933
992
982
921
952
1036
926
981
930
940
977
950
967
1001
942
956
920
967
950
975
931
928
927
1052
940
940
980
951
871
999
1019
935
908
963
931
975
1003
987
938
1001
929
956
1015
951
950
1013
969
944
950
977
958
962
975
912
933
1011
1015
974
1008
930
1006
932
976
1001
948
974
1021
960
891
927
1043
908
898
951
924
983
1000
961
929
1003
942
988
958
875
955
967
964
932
968
975
979
931
977
967
1010
945
965
896
915
921
1027
938
891
980
1023
937
923
910
931
985
979
924
951
883
954
975
990
940
977
1039
960
947
950
991
979
1026
920
926
969
992
946
969
954
948
965
964
941
988
999
965
995
1020
932
1037
871
1004
960
969
945
995
918
940
976
942
1055
971
956
1008
911
962
947
943
898
1004
891
950
893
1005
995
958
961
1000
966
1023
969
969
986
898
967
919
990
976
981
973
964
936
1030
973
932
961
944
926
995
916
969
980
934
953
941
933
965
994
967
946
939
976
1002
884
963
919
928
884
931
987
884
903
865
919
961
915
963
988
977
896
952
939
937
895
1016
978
889
973
910
948
904
941
982
927
922
947
988
935
910
992
1002
994
976
964
1048
998
924
972
995
981
935
976
927
997
968
979
918
942
944
982
942
975
969
966
1004
908
948
970
985
916
921
927
927
935
949
957
1020
914
1013
977
955
918
975
971
958
987
966
976
939
969
1014
959
963
928
1016
905
937
911
954
944
934
984
1009
929
970
886
955
996
918
975
894
983
1015
932
935
985
904
951
959
918
902
923